v = 100; % cm/s


A = 0.002; % 360/25/50^2 s/cm^2

D = 5; % deg

Kd = 1.8;
Kp = 1.3;
Ki = 0.1;